 1	  0	         0	          0	             0
 2	  1.997641  -0.591017     2.083235623	   1.443341825
 3	  5.44917	  -0.732861    30.23053893	   5.498230528
 4	  7.64775	   1.18203     59.88527498	   7.738557681
 5	  6.93853	   3.82979     62.81049001	   7.925306934
 6	  3.6052	   5.10638     39.07258374	   6.250806647
 7	  0.01182	   5.0591      25.59463252	   5.059113808
 8	  1.28842	   2.88416      9.978405002	   3.158861346
 9	  1.66667	   1.65485      5.516317411	   2.348684187
10	  5.1182	   1.74941     29.25640659	   5.40891917
11	  8.16785	   2.50591     72.99335855	   8.543615075
12   12.1631	   5.27187    175.7336149	    13.25645559
13   11.74849    7.04492    187.6579151	    13.69882897
14   10.4374	   8.08511    174.3083225	    13.20258772
15	  9.63357	   7.77778    153.2995327   	12.38141885
16	  9.72813	   6.54846    137.5188417	    11.72684278
17   10.6738	   4.60993    135.181461	    11.62675626
18   11.7139	   3.14421    147.1015097	    12.12854112
19   13.3452	   1.13475    179.3820206	    13.39335733
20   14.9748	  -0.100839   224.2548035	    14.97513952
